1 0.113333 0.790000 0.066667 0.133333
1 0.127222 0.555833 0.041111 0.075000
1 0.402778 0.524167 0.021111 0.058333
1 0.827778 0.738333 0.055556 0.116667
1 0.842222 0.560000 0.037778 0.076667
0 0.967778 0.398333 0.020000 0.040000
0 0.972222 0.345000 0.017778 0.030000
0 0.875000 0.360833 0.014444 0.031667
0 0.849444 0.339167 0.014444 0.028333
3 0.772778 0.312500 0.021111 0.068333
3 0.735000 0.311667 0.018889 0.066667
0 0.721111 0.331667 0.008889 0.030000
0 0.713333 0.330833 0.008889 0.028333
0 0.398333 0.361667 0.014444 0.033333
0 0.445000 0.339167 0.012222 0.031667
0 0.435556 0.338333 0.008889 0.033333
1 0.474444 0.306667 0.011111 0.026667
1 0.449444 0.306667 0.012222 0.026667
1 0.420556 0.302500 0.014444 0.028333
3 0.391111 0.295833 0.015556 0.038333
0 0.280556 0.355000 0.014444 0.033333
0 0.178333 0.351667 0.012222 0.030000
0 0.168889 0.352500 0.011111 0.031667
3 0.096111 0.331667 0.021111 0.070000
3 0.151667 0.333333 0.021111 0.066667
