0 0.926333 0.869000 0.098000 0.206000
1 0.094333 0.543500 0.075333 0.147000
1 0.236333 0.479000 0.063333 0.124000
1 0.306000 0.426500 0.056000 0.115000
1 0.230333 0.371500 0.051333 0.103000
1 0.167667 0.322000 0.048667 0.098000
1 0.028000 0.266500 0.044000 0.087000
1 0.216667 0.158500 0.034667 0.067000
1 0.317333 0.102500 0.030667 0.057000
1 0.262667 0.083500 0.028000 0.057000
1 0.637000 0.162500 0.030000 0.061000
1 0.739333 0.050000 0.026667 0.050000
0 0.923333 0.384000 0.049333 0.094000
0 0.844333 0.352000 0.044667 0.092000
0 0.263667 0.252000 0.039333 0.082000
0 0.170000 0.225000 0.037333 0.078000
0 0.191000 0.206000 0.028667 0.074000
0 0.361333 0.199500 0.033333 0.069000
0 0.603333 0.201000 0.032000 0.066000
0 0.862000 0.207500 0.032000 0.065000
0 0.950000 0.157000 0.028000 0.058000
0 0.848000 0.142500 0.028000 0.059000
0 0.662333 0.114500 0.026000 0.055000
0 0.814333 0.107000 0.026000 0.052000
0 0.842667 0.088500 0.024000 0.051000
0 0.895667 0.077000 0.024667 0.050000
1 0.723000 0.022500 0.022000 0.043000
1 0.933000 0.055500 0.023333 0.047000
1 0.875000 0.041000 0.023333 0.044000
1 0.974333 0.051500 0.020667 0.045000
0 0.953667 0.031500 0.022000 0.047000
0 0.922333 0.022000 0.019333 0.040000
1 0.991333 0.056000 0.017333 0.048000
1 0.656333 0.017500 0.023333 0.033000
