1 0.707422 0.584722 0.027344 0.061111
2 0.032813 0.800694 0.056250 0.131944
3 0.330469 0.636111 0.076563 0.241667
2 0.144922 0.781944 0.055469 0.127778
2 0.234766 0.760417 0.052344 0.118056
1 0.642188 0.563889 0.021875 0.055556
1 0.575000 0.543750 0.018750 0.048611
1 0.527734 0.527083 0.017969 0.045833
1 0.482031 0.511806 0.017188 0.043056
1 0.444531 0.500694 0.015625 0.040278
1 0.418359 0.490972 0.014844 0.034722
1 0.388672 0.479861 0.013281 0.034722
1 0.363672 0.472917 0.013281 0.031944
1 0.341406 0.466667 0.014063 0.030556
1 0.321094 0.461111 0.010937 0.030556
1 0.235937 0.603472 0.028125 0.073611
1 0.157031 0.529167 0.021875 0.055556
1 0.136719 0.511111 0.020313 0.050000
1 0.120703 0.497917 0.014844 0.045833
1 0.108984 0.484028 0.014844 0.040278
1 0.096484 0.473611 0.013281 0.038889
1 0.082031 0.465278 0.012500 0.036111
1 0.075781 0.457639 0.010937 0.034722
1 0.066406 0.450000 0.010937 0.033333
1 0.058984 0.443056 0.008594 0.030556
1 0.051562 0.439583 0.009375 0.029167
3 0.305859 0.447917 0.014844 0.045833
3 0.045312 0.425000 0.014063 0.044444
2 0.335938 0.735417 0.045312 0.106944
