1 0.117839 0.682617 0.055990 0.095703
0 0.328776 0.809570 0.076823 0.130859
1 0.324219 0.625977 0.052083 0.087891
0 0.447917 0.885742 0.083333 0.154297
0 0.611979 0.931641 0.052083 0.136719
1 0.563802 0.742188 0.065104 0.113281
1 0.563802 0.556641 0.041667 0.074219
1 0.863932 0.659180 0.048177 0.095703
1 0.792318 0.488281 0.035156 0.062500
1 0.818359 0.471680 0.029948 0.056641
1 0.817057 0.416016 0.024740 0.050781
1 0.807292 0.379883 0.018229 0.041016
1 0.482422 0.422852 0.027344 0.052734
1 0.391927 0.410156 0.026042 0.046875
1 0.345052 0.398438 0.020833 0.046875
1 0.455729 0.385742 0.020833 0.041016
1 0.501302 0.380859 0.018229 0.039062
0 0.571615 0.372070 0.020833 0.037109
0 0.394531 0.370117 0.018229 0.033203
0 0.280599 0.373047 0.016927 0.035156
1 0.265625 0.373047 0.018229 0.035156
0 0.190755 0.370117 0.016927 0.033203
1 0.117188 0.377930 0.020833 0.037109
0 0.061849 0.372070 0.016927 0.033203
1 0.047526 0.374023 0.016927 0.033203
1 0.444661 0.380859 0.016927 0.039062
