0 0.654663 0.583459 0.020608 0.055891
1 0.410984 0.750000 0.046526 0.086858
1 0.646909 0.726397 0.039091 0.081949
1 0.499363 0.643127 0.032505 0.070242
0 0.668154 0.621979 0.031443 0.064199
1 0.902911 0.684668 0.037391 0.074018
0 0.940514 0.562122 0.024219 0.052492
0 0.799766 0.546828 0.021033 0.050604
0 0.672615 0.596677 0.023369 0.057402
0 0.537391 0.553059 0.021882 0.054003
0 0.521033 0.533421 0.018058 0.045695
0 0.408009 0.538520 0.024432 0.049849
0 0.417994 0.531344 0.014234 0.044562
0 0.374761 0.530400 0.017421 0.041918
0 0.338113 0.465068 0.021033 0.050982
0 0.313257 0.491881 0.020183 0.049471
2 0.636499 0.523792 0.014447 0.040785
2 0.621521 0.524547 0.015934 0.042296
2 0.505949 0.522281 0.012959 0.040785
2 0.444657 0.519826 0.017421 0.040408
2 0.427342 0.520015 0.015509 0.039275
2 0.388889 0.519637 0.015934 0.040030
1 0.300722 0.441276 0.007011 0.017749
2 0.032823 0.421828 0.007011 0.024169
